[gd_scene load_steps=36 format=3 uid="uid://prh35jb6tjtd"]

[ext_resource type="PackedScene" uid="uid://qh05ekgpxgcc" path="res://Player/cac-1763551984722.gltf" id="2_34dtn"]

[sub_resource type="AnimationNodeAnimation" id="AnimationNodeAnimation_vapre"]
animation = &"EdgeGrab"

[sub_resource type="AnimationNodeAnimation" id="AnimationNodeAnimation_84eem"]
animation = &"Fall"

[sub_resource type="AnimationNodeAnimation" id="AnimationNodeAnimation_bdqby"]
animation = &"Idle"

[sub_resource type="AnimationNodeAnimation" id="AnimationNodeAnimation_is0ey"]
animation = &"Jump"

[sub_resource type="AnimationNodeAnimation" id="AnimationNodeAnimation_olyh3"]
animation = &"RunTiltL"

[sub_resource type="AnimationNodeAnimation" id="AnimationNodeAnimation_81hhq"]
animation = &"RunTiltR"

[sub_resource type="AnimationNodeAnimation" id="AnimationNodeAnimation_nf0s3"]
animation = &"Run"

[sub_resource type="AnimationNodeAdd3" id="AnimationNodeAdd3_i8et5"]

[sub_resource type="AnimationNodeBlendTree" id="AnimationNodeBlendTree_mx8fd"]
graph_offset = Vector2(-362, 27)
nodes/L/node = SubResource("AnimationNodeAnimation_olyh3")
nodes/L/position = Vector2(-100, 320)
nodes/R/node = SubResource("AnimationNodeAnimation_81hhq")
nodes/R/position = Vector2(-240, 240)
nodes/Run/node = SubResource("AnimationNodeAnimation_nf0s3")
nodes/Run/position = Vector2(-120, 120)
nodes/tilt/node = SubResource("AnimationNodeAdd3_i8et5")
nodes/tilt/position = Vector2(80, 160)
node_connections = [&"output", 0, &"tilt", &"tilt", 0, &"L", &"tilt", 1, &"Run", &"tilt", 2, &"R"]

[sub_resource type="AnimationNodeAnimation" id="AnimationNodeAnimation_ln86s"]
animation = &"WallSlide"

[sub_resource type="AnimationNodeStateMachineTransition" id="AnimationNodeStateMachineTransition_aehxm"]
advance_mode = 2

[sub_resource type="AnimationNodeStateMachineTransition" id="AnimationNodeStateMachineTransition_bp3m8"]
xfade_time = 0.1

[sub_resource type="AnimationNodeStateMachineTransition" id="AnimationNodeStateMachineTransition_kwnko"]
xfade_time = 0.1

[sub_resource type="AnimationNodeStateMachineTransition" id="AnimationNodeStateMachineTransition_ykos7"]
xfade_time = 0.2

[sub_resource type="AnimationNodeStateMachineTransition" id="AnimationNodeStateMachineTransition_0wv7u"]
xfade_time = 0.2

[sub_resource type="AnimationNodeStateMachineTransition" id="AnimationNodeStateMachineTransition_5rcd0"]
xfade_time = 0.1

[sub_resource type="AnimationNodeStateMachineTransition" id="AnimationNodeStateMachineTransition_umbj3"]
xfade_time = 0.1

[sub_resource type="AnimationNodeStateMachineTransition" id="AnimationNodeStateMachineTransition_525xv"]
xfade_time = 0.1

[sub_resource type="AnimationNodeStateMachineTransition" id="AnimationNodeStateMachineTransition_5lsn0"]
xfade_time = 0.2

[sub_resource type="AnimationNodeStateMachineTransition" id="AnimationNodeStateMachineTransition_k4ifp"]
xfade_time = 0.1

[sub_resource type="AnimationNodeStateMachineTransition" id="AnimationNodeStateMachineTransition_i5k5f"]
xfade_time = 0.1

[sub_resource type="AnimationNodeStateMachineTransition" id="AnimationNodeStateMachineTransition_graxy"]
xfade_time = 0.1

[sub_resource type="AnimationNodeStateMachineTransition" id="AnimationNodeStateMachineTransition_8tjks"]

[sub_resource type="AnimationNodeStateMachineTransition" id="AnimationNodeStateMachineTransition_h6oe5"]
xfade_time = 0.1

[sub_resource type="AnimationNodeStateMachineTransition" id="AnimationNodeStateMachineTransition_8l37g"]
xfade_time = 0.1

[sub_resource type="AnimationNodeStateMachineTransition" id="AnimationNodeStateMachineTransition_p1j7t"]
xfade_time = 0.1

[sub_resource type="AnimationNodeStateMachineTransition" id="AnimationNodeStateMachineTransition_mybu0"]
xfade_time = 0.1

[sub_resource type="AnimationNodeStateMachineTransition" id="AnimationNodeStateMachineTransition_6rf72"]
xfade_time = 0.1

[sub_resource type="AnimationNodeStateMachineTransition" id="AnimationNodeStateMachineTransition_cm2qm"]
xfade_time = 0.1

[sub_resource type="AnimationNodeStateMachineTransition" id="AnimationNodeStateMachineTransition_goywk"]
xfade_time = 0.1

[sub_resource type="AnimationNodeStateMachineTransition" id="AnimationNodeStateMachineTransition_mn3tt"]
xfade_time = 0.1

[sub_resource type="AnimationNodeStateMachineTransition" id="AnimationNodeStateMachineTransition_cwktt"]
xfade_time = 0.1

[sub_resource type="AnimationNodeStateMachine" id="AnimationNodeStateMachine_xxcga"]
states/EdgeGrab/node = SubResource("AnimationNodeAnimation_vapre")
states/EdgeGrab/position = Vector2(327, 290)
states/End/position = Vector2(627, 166)
states/Fall/node = SubResource("AnimationNodeAnimation_84eem")
states/Fall/position = Vector2(474, 205)
states/Idle/node = SubResource("AnimationNodeAnimation_bdqby")
states/Idle/position = Vector2(327, 122)
states/Jump/node = SubResource("AnimationNodeAnimation_is0ey")
states/Jump/position = Vector2(327, 205)
states/Move/node = SubResource("AnimationNodeBlendTree_mx8fd")
states/Move/position = Vector2(474, 122)
states/Start/position = Vector2(327, 44)
states/WallSlide/node = SubResource("AnimationNodeAnimation_ln86s")
states/WallSlide/position = Vector2(474, 290)
transitions = ["Start", "Idle", SubResource("AnimationNodeStateMachineTransition_aehxm"), "Idle", "Jump", SubResource("AnimationNodeStateMachineTransition_bp3m8"), "Jump", "Idle", SubResource("AnimationNodeStateMachineTransition_kwnko"), "Jump", "Fall", SubResource("AnimationNodeStateMachineTransition_ykos7"), "Fall", "Jump", SubResource("AnimationNodeStateMachineTransition_0wv7u"), "Fall", "Idle", SubResource("AnimationNodeStateMachineTransition_5rcd0"), "Idle", "Fall", SubResource("AnimationNodeStateMachineTransition_umbj3"), "Idle", "Move", SubResource("AnimationNodeStateMachineTransition_525xv"), "Move", "Idle", SubResource("AnimationNodeStateMachineTransition_5lsn0"), "Fall", "Move", SubResource("AnimationNodeStateMachineTransition_k4ifp"), "Move", "Fall", SubResource("AnimationNodeStateMachineTransition_i5k5f"), "Move", "Jump", SubResource("AnimationNodeStateMachineTransition_graxy"), "Jump", "Move", SubResource("AnimationNodeStateMachineTransition_8tjks"), "Jump", "EdgeGrab", SubResource("AnimationNodeStateMachineTransition_h6oe5"), "WallSlide", "Fall", SubResource("AnimationNodeStateMachineTransition_8l37g"), "Jump", "WallSlide", SubResource("AnimationNodeStateMachineTransition_p1j7t"), "EdgeGrab", "Fall", SubResource("AnimationNodeStateMachineTransition_mybu0"), "EdgeGrab", "WallSlide", SubResource("AnimationNodeStateMachineTransition_6rf72"), "Fall", "EdgeGrab", SubResource("AnimationNodeStateMachineTransition_cm2qm"), "WallSlide", "Jump", SubResource("AnimationNodeStateMachineTransition_goywk"), "EdgeGrab", "Jump", SubResource("AnimationNodeStateMachineTransition_mn3tt"), "Fall", "WallSlide", SubResource("AnimationNodeStateMachineTransition_cwktt")]
graph_offset = Vector2(-264, 106)

[sub_resource type="AnimationNodeBlendTree" id="AnimationNodeBlendTree_qa7x4"]
nodes/output/position = Vector2(200, 0)
nodes/StateMachine/node = SubResource("AnimationNodeStateMachine_xxcga")
nodes/StateMachine/position = Vector2(0, 0)
node_connections = [&"output", 0, &"StateMachine"]

[node name="Player" type="Node3D"]
transform = Transform3D(1, 0, 0, 0, 1, 0, 0, 0, 1, 0, -0.7780827, 0)

[node name="AuxScene" parent="." instance=ExtResource("2_34dtn")]
transform = Transform3D(0.01, 0, 0, 0, 0.01, 0, 0, 0, 0.01, 0, 0.7864872, 0)

[node name="GeneralSkeleton" parent="AuxScene/Node" index="0"]
bones/0/position = Vector3(-0.081543855, 57.19627, -0.013506502)
bones/0/rotation = Quaternion(-0.013271721, -0.0011384392, -0.008734454, 0.9998732)
bones/1/rotation = Quaternion(0.00845081, -0.0010395306, -0.00044037827, 0.99996364)
bones/2/rotation = Quaternion(0.008879399, -0.021635754, 0.0010827533, 0.999726)
bones/3/rotation = Quaternion(0.00882675, -0.021607526, 0.0014607662, 0.99972653)
bones/4/rotation = Quaternion(-0.024090197, 0.007380616, -0.012637351, 0.99960274)
bones/5/rotation = Quaternion(-0.024242293, 0.0070091053, -0.012858912, 0.99959886)
bones/6/rotation = Quaternion(0.53490937, 0.46636686, 0.4671895, -0.5273595)
bones/7/rotation = Quaternion(0.1613873, 0.79499286, -0.56779456, -0.13982062)
bones/8/rotation = Quaternion(0.17880748, -0.68412644, 0.1788073, 0.6841249)
bones/9/rotation = Quaternion(-0.014353322, 0.7373354, -0.16534875, 0.65482086)
bones/10/rotation = Quaternion(-0.18914336, 0.6302768, 0.07896296, 0.74882627)
bones/11/rotation = Quaternion(0.114173815, 0.0841796, 0.022178624, 0.9896395)
bones/12/rotation = Quaternion(0.021992655, 0.013152393, -0.021146836, 0.999448)
bones/13/rotation = Quaternion(0.1832546, -0.0023085922, -0.009632289, 0.9830156)
bones/14/rotation = Quaternion(0.30410558, -3.1292439e-07, -0.036699355, 0.9519312)
bones/15/rotation = Quaternion(0.15060864, -3.129244e-07, -0.018175365, 0.98842645)
bones/16/rotation = Quaternion(0.23574199, -0.0021668973, -0.019489082, 0.9716179)
bones/17/rotation = Quaternion(0.20693953, -2.0861626e-07, -0.024973422, 0.978035)
bones/18/rotation = Quaternion(0.12897882, -1.04308114e-07, -0.015565036, 0.9915252)
bones/19/rotation = Quaternion(0.287841, -0.00607726, -0.014349312, 0.9575515)
bones/20/rotation = Quaternion(0.1499578, -7.450581e-08, -0.018096985, 0.9885268)
bones/21/rotation = Quaternion(0.095866255, -2.086162e-07, -0.01156911, 0.99532706)
bones/22/rotation = Quaternion(0.46881595, -0.5224135, -0.49817765, -0.5090333)
bones/23/rotation = Quaternion(-0.18914759, 0.7771992, -0.58887047, 0.11582826)
bones/24/rotation = Quaternion(0.16564682, 0.6874325, -0.16564712, 0.6874292)
bones/25/rotation = Quaternion(-0.084264256, -0.68807936, 0.097572505, 0.71409106)
bones/26/rotation = Quaternion(-0.10522283, -0.7547509, -0.046977, 0.6458115)
bones/27/rotation = Quaternion(-0.0103954235, -0.04040343, -0.027278725, 0.99875695)
bones/28/rotation = Quaternion(-0.008845717, 2.2828579e-05, 0.031547964, 0.9994631)
bones/29/rotation = Quaternion(0.0963766, -0.0033516139, 0.044944584, 0.994324)
bones/30/rotation = Quaternion(0.3296329, -7.1525585e-07, 0.04017127, 0.94325423)
bones/31/rotation = Quaternion(0.06999855, -7.4505806e-08, 0.008530349, 0.9975106)
bones/32/rotation = Quaternion(0.17700212, -0.007929206, 0.064320326, 0.98207456)
bones/33/rotation = Quaternion(0.2517779, -6.5565126e-07, 0.030683346, 0.9672986)
bones/34/rotation = Quaternion(0.04666921, 0.013878364, 0.006346704, 0.99879384)
bones/35/rotation = Quaternion(0.25429758, -0.0039431304, 0.045861304, 0.96603)
bones/36/rotation = Quaternion(0.19072166, -5.662441e-07, 0.023242623, 0.98136896)
bones/37/rotation = Quaternion(0.07319181, 0.01597558, 0.010112107, 0.99713874)
bones/38/rotation = Quaternion(0.03799582, 0.048947707, 0.9978987, -0.018938608)
bones/39/rotation = Quaternion(-0.031154167, 0.9830076, -0.16426632, 0.0757761)
bones/40/rotation = Quaternion(-0.014879284, 0.63331366, -0.77231586, 0.04712469)
bones/41/rotation = Quaternion(3.55614e-08, 0.9999918, 0.00405094, 1.3170903e-09)
bones/42/rotation = Quaternion(-0.12180488, 0.037933946, 0.99063665, 0.04861743)
bones/43/rotation = Quaternion(0.019429227, 0.99353504, -0.107532926, -0.030781372)
bones/44/rotation = Quaternion(0.021571336, 0.6742763, -0.73416466, -0.07673603)
bones/45/rotation = Quaternion(1.317089e-08, 1, 9.536743e-07, 7.902534e-09)

[node name="mixamorig1Head" parent="AuxScene/Node/GeneralSkeleton" index="0"]
transform = Transform3D(0.9958436, 0.06962927, -0.058713544, -0.06540195, 0.9953239, 0.071083374, 0.06338848, -0.066947944, 0.99574083, 1.2006881, 113.43975, -0.46744645)

[node name="mixamorig1LeftHandThumb3" parent="AuxScene/Node/GeneralSkeleton" index="1"]
transform = Transform3D(0.810853, 0.094766356, 0.5773477, 0.28894615, -0.9224052, -0.2540021, 0.50890017, 0.37279153, -0.77523226, 15.95667, 45.472744, 14.292576)

[node name="mixamorig1LeftHandIndex3" parent="AuxScene/Node/GeneralSkeleton" index="2"]
transform = Transform3D(0.62361175, -0.7296908, -0.28046364, -0.062044065, -0.40383866, 0.9127237, -0.7792681, -0.55178416, -0.2971115, 16.32081, 39.503525, 13.956638)

[node name="mixamorig1LeftHandMiddle3" parent="AuxScene/Node/GeneralSkeleton" index="3"]
transform = Transform3D(0.6118402, -0.6925215, -0.38218558, -0.06245384, -0.5239662, 0.84944606, -0.78851205, -0.4958562, -0.36383414, 17.839087, 38.513603, 11.302186)

[node name="mixamorig1LeftHandRing3" parent="AuxScene/Node/GeneralSkeleton" index="4"]
transform = Transform3D(0.59494025, -0.6809107, -0.42709118, -0.088349044, -0.5835391, 0.80726457, -0.79889965, -0.4425411, -0.40732872, 19.8063, 39.55199, 8.641999)

[node name="mixamorig1RightHandThumb3" parent="AuxScene/Node/GeneralSkeleton" index="5"]
transform = Transform3D(0.74301004, -0.14451946, -0.6531465, -0.44655588, -0.83386534, -0.32287717, -0.49851418, 0.53157073, -0.68406355, -18.967005, 46.162323, 14.193187)

[node name="mixamorig1RightHandIndex3" parent="AuxScene/Node/GeneralSkeleton" index="6"]
transform = Transform3D(0.43612567, 0.57798105, 0.6897338, 0.0037278235, -0.7676219, 0.64089197, 0.8998783, -0.27693838, -0.33693412, -21.112032, 40.548405, 15.653852)

[node name="mixamorig1RightHandMiddle3" parent="AuxScene/Node/GeneralSkeleton" index="7"]
transform = Transform3D(0.4235239, 0.53684115, 0.72967756, -0.029206209, -0.7969753, 0.6033053, 0.90541434, -0.27682555, -0.3218589, -21.953415, 39.612034, 12.61583)

[node name="mixamorig1RightHandRing3" parent="AuxScene/Node/GeneralSkeleton" index="8"]
transform = Transform3D(0.4298736, 0.60896057, 0.66661537, 0.014766101, -0.7429566, 0.66917664, 0.9027687, -0.27781823, -0.3283693, -22.599354, 40.701233, 9.589503)

[node name="mixamorig1LeftToeBase" parent="AuxScene/Node/GeneralSkeleton" index="9"]
transform = Transform3D(0.9611305, 0.27608597, 0.0022367155, -2.0723705e-07, 0.008101857, -0.9999673, -0.27609506, 0.9610986, 0.007787137, 14.929182, 0.594985, 10.266501)

[node name="mixamorig1RightToeBase" parent="AuxScene/Node/GeneralSkeleton" index="10"]
transform = Transform3D(0.92085284, -0.38991043, -3.18665e-07, 4.959567e-07, 1.9297001e-06, -0.99999994, 0.38991034, 0.92085284, 2.085501e-06, -20.166351, 0.59486675, 10.485525)

[node name="AnimationTree" type="AnimationTree" parent="."]
unique_name_in_owner = true
tree_root = SubResource("AnimationNodeBlendTree_qa7x4")
parameters/StateMachine/Move/tilt/add_amount = 0.0

[editable path="AuxScene"]
